4,3
4,1
4,0
2,3
2,1
2,0
1,1
1,3
1,0
0,9
0,310
0,305
0,308
0,304
0,303
0,302
0,307
0,12
0,10
0,8
0,0
0,704
0,300
0,301
0,299
0,414
0,298
0,388
0,297
0,413
0,296
0,371
0,295
0,427
0,294
0,425
0,293
0,387
0,292
0,744
0,291
0,399
0,290
0,410
0,289
0,368
0,288
0,763
0,287
0,743
0,286
0,421
0,285
0,740
0,284
0,367
0,283
0,407
0,282
0,416
0,281
0,379
0,280
0,389
0,279
0,394
0,278
0,363
0,277
0,731
0,276
0,762
0,275
0,424
0,274
0,764
0,273
0,378
0,272
0,723
0,271
0,362
0,270
0,753
0,269
0,386
0,268
0,761
0,267
0,377
0,266
0,433
0,265
0,376
0,264
0,392
0,263
0,375
0,262
0,357
0,261
0,429
0,260
0,374
0,259
0,760
0,258
0,398
0,257
0,326
0,256
0,719
0,255
0,397
0,254
0,759
0,253
0,752
0,252
0,385
0,251
0,420
0,250
0,352
0,249
0,351
0,248
0,336
0,247
0,384
0,246
0,415
0,245
0,705
0,244
0,406
0,242
0,430
0,241
0,404
0,240
0,365
0,239
0,710
0,238
0,361
0,237
0,236
0,350
0,235
0,393
0,234
0,426
0,233
0,418
0,232
0,758
0,231
0,432
0,230
0,757
0,229
0,345
0,228
0,318
0,227
0,317
0,226
0,766
0,225
0,316
0,224
0,223
0,756
0,222
0,434
0,221
0,754
0,220
0,765
0,219
0,751
0,218
0,417
0,217
0,342
0,216
0,341
0,215
0,313
0,214
0,373
0,213
0,380
0,212
0,403
0,211
0,391
0,210
0,402
0,209
0,396
0,208
0,312
0,207
0,428
0,206
0,734
0,205
0,422
0,204
0,713
0,203
0,436
0,202
0,412
0,201
0,730
0,200
0,729
0,199
0,423
0,198
0,728
0,197
0,390
0,196
0,733
0,195
0,431
0,194
0,727
0,193
0,724
0,192
0,401
0,63
0,311
0,62
0,720
0,61
0,722
0,60
0,438
0,59
0,395
0,58
0,437
0,57
0,409
0,56
0,309
0,55
0,435
0,54
0,323
0,53
0,306
0,52
0,419
0,51
0,400
0,50
0,411
0,49
0,749
0,48
0,405
0,47
0,359
0,46
0,708
0,45
0,706
0,6
0,5
0,1
0,11
0,4
0,2
0,3
0,7
